g = 9.81;
m1 = 0.3;
m2 = 0.3;
l1 = 0.2;
l2 = 0.2;
Rp1 = 1e-2;
Rp2 = 1e-3;